mes;venda_mensal;venda_acumulada
2020-09-01;313050.0;313050.0
2020-10-01;1966170.0;2279220.0
2020-11-01;2709150.0;4988370.0
2020-12-01;2997586.0;7985956.0
2021-01-01;2713320.0;10699276.0
2021-02-01;4164222.0;14863498.0
2021-03-01;9250569.0;24114067.0
2021-04-01;8868963.0;32983030.0
2021-05-01;25081323.0;58064353.0
2021-06-01;38479428.0;96543781.0
2021-07-01;67727470.0;164271251.0
2021-08-01;79087129.0;243358380.0
Null;1748041109.0;1991399489.0
